Score: 0.8683633654410499
Parameters: [[ 5.29242297e-01 -4.33895892e+00 -9.62334926e-01 -3.92365152e+01
  -5.80629520e+06 -5.80631996e+06 -5.80631234e+06 -5.80630735e+06
  -5.80628632e+06 -5.80640488e+06 -5.80624668e+06 -5.80632261e+06
  -5.80626912e+06  2.12182992e+00  6.50601523e+00  1.49499192e+01
  -1.54821504e+00 -2.97993990e+00 -6.84494507e+00  7.91901660e+06
   7.91900587e+06  7.91901923e+06  7.91901745e+06  1.01360279e+03
  -5.00542032e+02 -5.02549529e+02 -3.13248509e+00  1.17548648e+01
  -4.48281602e+06 -4.48281841e+06 -4.48282885e+06 -4.48271356e+06
  -4.48275491e+06 -4.48281788e+06 -4.48285537e+06 -4.48279744e+06
  -4.48279495e+06 -4.48282995e+06 -4.48279651e+06 -4.48283673e+06
  -4.48282290e+06  4.23144800e+07  4.23145254e+07  4.23145523e+07
   4.23145583e+07  4.23144969e+07  4.23144525e+07  4.23145000e+07
   4.23144797e+07  4.23144891e+07  4.23145039e+07  4.23145343e+07
   4.23145662e+07  4.23144883e+07  1.55961781e+07  1.55962415e+07
   1.55961036e+07  1.55962677e+07  1.55961462e+07  1.55962095e+07
   1.55963619e+07  1.55961961e+07  1.55961965e+07  1.55962281e+07
   1.55962658e+07  1.55961877e+07  1.55962451e+07  1.55962199e+07
   1.55962581e+07  8.60478572e+00 -1.13732005e+01  3.55742360e+01
   2.34389607e+01 -1.18074258e+01  6.27745378e+00  1.15919907e+00
   3.53067446e+01  9.63995678e-01  3.44406515e-02  2.66245726e+00]
 [ 4.32535125e-01 -5.61869733e+00 -4.46402961e-01 -2.79096472e+01
  -1.37675638e+07 -1.37675968e+07 -1.37675225e+07 -1.37676536e+07
  -1.37674971e+07 -1.37677099e+07 -1.37674782e+07 -1.37676686e+07
  -1.37675000e+07  8.55731543e+00  1.20097526e+01  1.26197294e+01
   9.49299319e+00  2.54406313e+00 -1.37930605e+01  2.90247156e+07
   2.90247114e+07  2.90247215e+07  2.90247200e+07  7.22760725e+02
  -3.68108529e+02 -3.41389816e+02  1.06514515e+01  1.15638069e+01
  -2.25192960e+07 -2.25192891e+07 -2.25193042e+07 -2.25192958e+07
  -2.25192430e+07 -2.25193026e+07 -2.25193453e+07 -2.25192779e+07
  -2.25192659e+07 -2.25193150e+07 -2.25192925e+07 -2.25192713e+07
  -2.25192960e+07  3.93062343e+07  3.93062837e+07  3.93063651e+07
   3.93063510e+07  3.93062634e+07  3.93061618e+07  3.93062890e+07
   3.93062599e+07  3.93062705e+07  3.93062670e+07  3.93063086e+07
   3.93063132e+07  3.93062479e+07  2.98315131e+07  2.98315495e+07
   2.98314381e+07  2.98316040e+07  2.98313974e+07  2.98315831e+07
   2.98315515e+07  2.98315230e+07  2.98315661e+07  2.98315019e+07
   2.98315633e+07  2.98314968e+07  2.98314989e+07  2.98315491e+07
   2.98315481e+07 -2.19968896e-01 -3.57259680e+00  2.55889244e+00
  -7.81949942e+00 -7.18874492e+00  9.23284126e-01  1.38935316e+00
  -2.61039150e+01 -5.86358850e+00 -8.05596709e-02  5.43943631e+00]]
Intercept: [-55540534.19160831 -61875549.04458492]