1297
1297
889
889
C:\Users\User\Anaconda3\lib\site-packages\sklearn\base.py:420: FutureWarning: The default value of multioutput (not exposed in score method) will change from 'variance_weighted' to 'uniform_average' in 0.23 to keep consistent with 'metrics.r2_score'. To specify the default value manually and avoid the warning, please either call 'metrics.r2_score' directly or make a custom scorer with 'metrics.make_scorer' (the built-in scorer 'r2' uses multioutput='uniform_average').
  "multioutput='uniform_average').", FutureWarning)
Score: 0.5446176034527279
Parameters: [[ 4.39158161e-05 -2.28863878e-02 -1.35390045e-03 -1.49859094e+03
   1.78316771e+09  1.78316872e+09  1.78316537e+09  1.78317206e+09
   1.78317071e+09  1.78315720e+09  1.78317601e+09  1.78316706e+09
   1.78316225e+09  5.60274436e+02  1.29785927e+03  9.75103075e+02
   1.13407895e+03 -6.25829637e+02 -2.23320319e+03 -8.51099466e+08
  -8.51099545e+08 -8.51100098e+08 -8.51102976e+08  1.28979541e+04
  -7.71403164e+03 -6.79257545e+03 -5.42232159e+01 -2.90146328e+02
   1.06480217e+09  1.06480390e+09  1.06480197e+09  1.06480062e+09
   1.06480078e+09  1.06480171e+09  1.06480061e+09  1.06480171e+09
   1.06480256e+09  1.06480181e+09  1.06480209e+09  1.06480371e+09
   1.06479993e+09  5.60031452e+08  5.60029165e+08  5.60026998e+08
   5.60032686e+08  5.60029690e+08  5.60027129e+08  5.60023692e+08
   5.60029951e+08  5.60028827e+08  5.60027875e+08  5.60029518e+08
   5.60029008e+08  5.60027581e+08  2.12931355e+09  2.12931170e+09
   2.12931463e+09  2.12931493e+09  2.12931433e+09  2.12931128e+09
   2.12931834e+09  2.12931066e+09  2.12931641e+09  2.12931501e+09
   2.12931705e+09  2.12931709e+09  2.12931110e+09  2.12931747e+09
   2.12932207e+09  3.05427083e+03 -1.96492895e+01 -1.77715925e+03
   1.21845713e+03  1.86688935e+03  2.62566552e+02  1.00707468e+02
   1.40784155e+03  3.01013693e+03 -2.55209994e+00 -5.33903565e+01]
 [-4.88781188e-07 -8.77724451e-04 -4.47928348e-05 -1.09135435e+02
   4.79227318e+07  4.79226975e+07  4.79226159e+07  4.79227099e+07
   4.79226688e+07  4.79222927e+07  4.79230691e+07  4.79226473e+07
   4.79223097e+07  2.77967928e+01  4.10454128e+01  3.12499034e+01
   6.73166304e+00 -3.83618453e+01 -2.20021449e+02 -2.79821708e+07
  -2.79822146e+07 -2.79822461e+07 -2.79823202e+07  2.93332929e+02
  -1.35697972e+02 -1.73801635e+02  1.77128225e+01 -1.38854331e+01
   6.11598930e+06  6.11601466e+06  6.11598780e+06  6.11598437e+06
   6.11597016e+06  6.11601806e+06  6.11634521e+06  6.11614680e+06
   6.11603805e+06  6.11602859e+06  6.11599312e+06  6.11598895e+06
   6.11593960e+06 -7.96908691e+07 -7.96909565e+07 -7.96909493e+07
  -7.96906721e+07 -7.96908347e+07 -7.96910349e+07 -7.96911016e+07
  -7.96910634e+07 -7.96909852e+07 -7.96910526e+07 -7.96908855e+07
  -7.96908950e+07 -7.96910375e+07  1.96249416e+07  1.96248541e+07
   1.96251373e+07  1.96250468e+07  1.96250102e+07  1.96248389e+07
   1.96252240e+07  1.96248940e+07  1.96251762e+07  1.96249728e+07
   1.96250463e+07  1.96250253e+07  1.96247891e+07  1.96253299e+07
   1.96253728e+07  1.29706883e+02  2.07473115e+01 -1.34143029e+02
   7.38463829e+01  4.75219600e+01  9.07394310e+00  9.09131883e+00
  -3.27225613e+01  7.48481459e+01 -1.29988484e-01  4.30574310e+00]
 [ 1.09849036e-07 -7.54203443e-05 -2.98852986e-06 -5.44650261e+00
   8.70227641e+05  8.70235865e+05  8.70224274e+05  8.70243120e+05
   8.70234938e+05  8.70181867e+05  8.70260607e+05  8.70228497e+05
   8.70223538e+05 -9.07183361e-01  3.49697333e+00  2.12209254e+00
  -1.74174164e+00  2.99994133e+00 -7.41454051e-01  9.81370146e+05
   9.81369759e+05  9.81368625e+05  9.81351197e+05 -1.06396861e+02
   5.20810408e+01  4.92446218e+01 -1.73439794e+00  2.81046420e-01
  -2.87033786e+05 -2.87029051e+05 -2.87029462e+05 -2.87035701e+05
  -2.87033766e+05 -2.87028975e+05 -2.87038141e+05 -2.87028161e+05
  -2.87021329e+05 -2.87028752e+05 -2.87029150e+05 -2.87023285e+05
  -2.87033751e+05  1.93353622e+06  1.93352738e+06  1.93351647e+06
   1.93353579e+06  1.93353459e+06  1.93351299e+06  1.93351330e+06
   1.93353058e+06  1.93352298e+06  1.93353306e+06  1.93353300e+06
   1.93353125e+06  1.93352504e+06  4.77084222e+06  4.77083673e+06
   4.77083931e+06  4.77084624e+06  4.77084354e+06  4.77083116e+06
   4.77085532e+06  4.77083472e+06  4.77084316e+06  4.77084129e+06
   4.77084962e+06  4.77085118e+06  4.77082969e+06  4.77085429e+06
   4.77086979e+06  8.78819725e+00 -1.05371814e+00 -4.40346396e+00
   3.72719210e+00  4.37577410e+00  1.04618993e+00  2.52430474e-01
  -4.83242198e-01  7.37752160e+00 -2.07037336e-03 -9.84380147e-02]
 [ 3.39788181e-08 -3.82735191e-05 -2.47642266e-06 -1.02039281e+01
  -1.05191204e+06 -1.05190759e+06 -1.05191044e+06 -1.05191524e+06
  -1.05189908e+06 -1.05195565e+06 -1.05187815e+06 -1.05191751e+06
  -1.05191913e+06 -3.34769124e-01  2.04953918e+00  1.58170990e+00
  -3.89709227e+00  7.46131536e-01 -6.15414058e+00  1.85090463e+06
   1.85090304e+06  1.85090094e+06  1.85089014e+06 -1.78552803e+02
   9.30090902e+01  8.33062120e+01  1.84164196e-01 -1.23415040e-01
  -4.55644073e+06 -4.55643833e+06 -4.55643604e+06 -4.55643761e+06
  -4.55644120e+06 -4.55643670e+06 -4.55643934e+06 -4.55643564e+06
  -4.55642772e+06 -4.55643629e+06 -4.55643631e+06 -4.55643644e+06
  -4.55644086e+06  1.54684059e+06  1.54683480e+06  1.54682912e+06
   1.54684995e+06  1.54683641e+06  1.54682361e+06  1.54682412e+06
   1.54683482e+06  1.54682919e+06  1.54683613e+06  1.54684128e+06
   1.54683537e+06  1.54682836e+06  3.84661875e+06  3.84661898e+06
   3.84662197e+06  3.84662325e+06  3.84662918e+06  3.84661655e+06
   3.84663422e+06  3.84661654e+06  3.84662401e+06  3.84661897e+06
   3.84662637e+06  3.84662594e+06  3.84660560e+06  3.84663977e+06
   3.84664157e+06  7.83355632e+00  6.73024396e-01 -4.58522459e+00
   8.44222495e-01  1.07176497e+00  7.98522460e-01  6.36316702e-01
  -3.95962979e+00 -2.01592564e+00 -7.09945522e-03  1.12550604e-01]]
Intercept: [-4.68621250e+09  3.40095544e+07 -8.26892827e+06 -1.63600049e+06]